filename	time	train_acc	val_acc	sd_acc10	val_auc	sd_auc10	val_tn	val_fn	val_fp	val_tp	val_precision	sd_precision10	val_recall	sd_recall10	val_f1	sd_f1_10	val_mmc	sd_mcc_10	epst	train_acc_a	sd_acc	val_acc_a	sd_acc	train_auc_a	sd_auc	val_auc_a	sd_auc	va_mmc_a	sd_mmc
results/Chatelier_gut_obesity_umap_p100l100.0i300pix_r0p1.0spbm0.0a1.0rainbow_nb10_aun_0.0_1.0_metric_dice_mdis_0.1_mdis__p100/a1_nonecaffe_estopc5_fc_o3adam_lr-1.0de0.0e500_20240311_111207c1.0di-1ch3dfc0.0file_sum_ok.txt	903.1	0.569	0.46	0.0	0.606	0.0	-1.0	-1.0	-1.0	-1.0	0.232	0.0	0.336	0.0	0.249	0.0	0.007	0.0	316.7	0.5687713176012039	0.08009173343024259	0.460317462682724	0.13873889453520605	0.6801206948207171	0.10259792713521328	0.6060480442176871	0.10230963505565036	0.006980873374129115	0.14273380950246287
results/Chatelier_gut_obesity_umap_p100l100.0i300pix_r0p1.0spbm0.0a1.0rainbow_nb10_aun_0.0_1.0_metric_wminkowski_mdis_0.1_mdis__p100/a1_nonecaffe_estopc5_fc_o3adam_lr-1.0de0.0e500_20240311_112717c1.0di-1ch3dfc0.0file_sum_ok.txt	1055.7	0.78	0.485	0.0	0.62	0.0	-1.0	-1.0	-1.0	-1.0	0.293	0.0	0.363	0.0	0.279	0.0	0.092	0.0	213.8	0.780293220281601	0.14506724314262642	0.485317462682724	0.11982324065037273	0.7514837687084331	0.12585134720386282	0.6204613095238096	0.0895746134388805	0.0924601900235584	0.16563735490341674
results/Chatelier_gut_obesity_umap_p10l100.0i300pix_r0p1.0spbm0.0a1.0rainbow_nb10_aun_0.0_1.0_metric_dice_mdis_0.1_mdis__p10/a1_nonecaffe_estopc5_fc_o3adam_lr-1.0de0.0e500_20240311_090327c1.0di-1ch3dfc0.0file_sum_ok.txt	528.8	0.61	0.526	0.0	0.653	0.0	-1.0	-1.0	-1.0	-1.0	0.244	0.0	0.339	0.0	0.265	0.0	0.024	0.0	335.3	0.6103537797927856	0.07166192235518139	0.52579365670681	0.09824979863837914	0.7229482923318677	0.09980832314876814	0.6530824829931973	0.07192205350529238	0.023980131965336937	0.08375808275288132
results/Chatelier_gut_obesity_umap_p10l100.0i300pix_r0p1.0spbm0.0a1.0rainbow_nb10_aun_0.0_1.0_metric_wminkowski_mdis_0.1_mdis__p10/a1_nonecaffe_estopc5_fc_o3adam_lr-1.0de0.0e500_20240311_091226c1.0di-1ch3dfc0.0file_sum_ok.txt	565.0	0.774	0.424	0.0	0.58	0.0	-1.0	-1.0	-1.0	-1.0	0.358	0.0	0.349	0.0	0.296	0.0	0.11	0.0	309.0	0.7740637570619583	0.13726471320031655	0.42433862686157225	0.09660396246000368	0.7924616609006205	0.158001162280935	0.5802118326754571	0.08259560762001558	0.10986998371804872	0.1407249599194045
results/metahitIBD_umap_p100l100.0i300pix_r0p1.0spbm0.0a1.0rainbow_nb10_aun_0.0_1.0_metric_dice_mdis_0.1_mdis__p100/a1_nonecaffe_estopc5_fc_o2adam_lr-1.0de0.0e500_20240311_122041c1.0di-1ch3dfc0.0file_sum_ok.txt	1005.0	0.668	0.51	0.0	0.572	0.0	-1.0	-1.0	-1.0	-1.0	0.45	0.0	0.568	0.0	0.433	0.0	0.17	0.0	203.0	0.6680280506610871	0.08659544403015557	0.5101224601268768	0.17725659457710788	0.5382421882679197	0.21297136877335632	0.5722375408496733	0.07971332869751332	0.1704217218121493	0.1819426746393325
results/metahitIBD_umap_p100l100.0i300pix_r0p1.0spbm0.0a1.0rainbow_nb10_aun_0.0_1.0_metric_wminkowski_mdis_0.1_mdis__p100/a1_nonecaffe_estopc5_fc_o2adam_lr-1.0de0.0e500_20240311_123733c1.0di-1ch3dfc0.0file_sum_ok.txt	1299.1	0.68	0.485	0.0	0.556	0.0	-1.0	-1.0	-1.0	-1.0	0.428	0.0	0.551	0.0	0.391	0.0	0.154	0.0	129.7	0.6802656769752502	0.11246195332352885	0.4848163425922394	0.17036617785875435	0.5076533696210099	0.1914547519814107	0.5558159722222222	0.07377558154165519	0.15375882551299425	0.18926479970188245
results/metahitIBD_umap_p10l100.0i300pix_r0p1.0spbm0.0a1.0rainbow_nb10_aun_0.0_1.0_metric_dice_mdis_0.1_mdis__p10/a1_nonecaffe_estopc5_fc_o2adam_lr-1.0de0.0e500_20240311_083034c1.0di-1ch3dfc0.0file_sum_ok.txt	785.8	0.708	0.633	0.0	0.588	0.0	-1.0	-1.0	-1.0	-1.0	0.599	0.0	0.575	0.0	0.503	0.0	0.223	0.0	319.1	0.707754111289978	0.0617085613908852	0.6325714290142059	0.1467220330965853	0.6722883117030793	0.1662010802790907	0.5883935866013073	0.07745897610501805	0.22341263482300847	0.18761035668781523
results/metahitIBD_umap_p10l100.0i300pix_r0p1.0spbm0.0a1.0rainbow_nb10_aun_0.0_1.0_metric_wminkowski_mdis_0.1_mdis__p10/a1_nonecaffe_estopc5_fc_o2adam_lr-1.0de0.0e500_20240311_084347c1.0di-1ch3dfc0.0file_sum_ok.txt	727.7	0.777	0.62	0.0	0.633	0.0	-1.0	-1.0	-1.0	-1.0	0.702	0.0	0.632	0.0	0.556	0.0	0.342	0.0	297.4	0.7768847823143006	0.07935695041488965	0.6197551101446152	0.14492385067606922	0.6570060438956868	0.17091271469900063	0.633366276618174	0.07924951747494609	0.34206646369086224	0.16788459520457483
results/Quin_gut_liver_cirrhosis_umap_p100l100.0i300pix_r0p1.0spbm0.0a1.0rainbow_nb10_aun_0.0_1.0_metric_dice_mdis_0.1_mdis__p100/a1_nonecaffe_estopc5_fc_o2adam_lr-1.0de0.0e500_20240311_104339c1.0di-1ch3dfc0.0file_sum_ok.txt	788.1	0.52	0.646	0.0	0.644	0.0	-1.0	-1.0	-1.0	-1.0	0.732	0.0	0.639	0.0	0.579	0.0	0.365	0.0	261.6	0.5201969027519227	0.06152479017637626	0.646195650100708	0.07604403170490416	0.6645570209487789	0.08042741042136632	0.643560606060606	0.0844187235791056	0.3648044768644996	0.17679599021737186
results/Quin_gut_liver_cirrhosis_umap_p100l100.0i300pix_r0p1.0spbm0.0a1.0rainbow_nb10_aun_0.0_1.0_metric_wminkowski_mdis_0.1_mdis__p100/a1_nonecaffe_estopc5_fc_o2adam_lr-1.0de0.0e500_20240311_105656c1.0di-1ch3dfc0.0file_sum_ok.txt	903.9	0.705	0.642	0.0	0.641	0.0	-1.0	-1.0	-1.0	-1.0	0.642	0.0	0.637	0.0	0.557	0.0	0.331	0.0	92.1	0.7049480199813842	0.11323562704576343	0.6423913061618804	0.13653989341640985	0.6733495784473661	0.14671617740455475	0.6409090909090909	0.13918380076308326	0.33106046807341666	0.28042024611535893
results/Quin_gut_liver_cirrhosis_umap_p10l100.0i300pix_r0p1.0spbm0.0a1.0rainbow_nb10_aun_0.0_1.0_metric_dice_mdis_0.1_mdis__p10/a1_nonecaffe_estopc5_fc_o2adam_lr-1.0de0.0e500_20240311_075758c1.0di-1ch3dfc0.0file_sum_ok.txt	429.0	0.569	0.612	0.0	0.613	0.0	-1.0	-1.0	-1.0	-1.0	0.685	0.0	0.605	0.0	0.526	0.0	0.309	0.0	251.2	0.5694677054882049	0.023852027258492527	0.611956524848938	0.05843228074298849	0.6296485240111236	0.047856380595103595	0.6134469696969698	0.05559575135629095	0.3094093904191906	0.16573633533249246
results/Quin_gut_liver_cirrhosis_umap_p10l100.0i300pix_r0p1.0spbm0.0a1.0rainbow_nb10_aun_0.0_1.0_metric_wminkowski_mdis_0.1_mdis__p10/a1_nonecaffe_estopc5_fc_o2adam_lr-1.0de0.0e500_20240311_080516c1.0di-1ch3dfc0.0file_sum_ok.txt	371.4	0.661	0.586	0.0	0.584	0.0	-1.0	-1.0	-1.0	-1.0	0.726	0.0	0.578	0.0	0.485	0.0	0.273	0.0	104.1	0.6614924430847168	0.11963986451880275	0.5856883943080902	0.047862100540291004	0.5926517614225627	0.07412670298678377	0.5844696969696971	0.0521586920387029	0.2731369906914519	0.11851510504891108
results/t2d_umap_p100l100.0i300pix_r0p1.0spbm0.0a1.0rainbow_nb10_aun_0.0_1.0_metric_dice_mdis_0.1_mdis__p100/a1_nonecaffe_estopc5_fc_o2adam_lr-1.0de0.0e500_20240311_114459c1.0di-1ch3dfc0.0file_sum_ok.txt	901.5	0.346	0.468	0.0	0.5	0.0	-1.0	-1.0	-1.0	-1.0	0.234	0.0	0.5	0.0	0.319	0.0	0.0	0.0	257.5	0.34586593210697175	0.042427165668718035	0.4683933824300766	0.005848629157655696	0.4683204817920864	0.0006577119391082802	0.5	0.0	0.0	0.0
results/t2d_umap_p100l100.0i300pix_r0p1.0spbm0.0a1.0rainbow_nb10_aun_0.0_1.0_metric_wminkowski_mdis_0.1_mdis__p100/a1_nonecaffe_estopc5_fc_o2adam_lr-1.0de0.0e500_20240311_120007c1.0di-1ch3dfc0.0file_sum_ok.txt	1227.7	0.424	0.468	0.0	0.501	0.0	-1.0	-1.0	-1.0	-1.0	0.234	0.0	0.5	0.0	0.319	0.0	0.0	0.0	153.0	0.4239564001560211	0.04474023710832297	0.4683933824300766	0.005848629157655696	0.48199684136563314	0.012620075788877654	0.50125	0.0037499999999999873	0.0	0.0
results/t2d_umap_p10l100.0i300pix_r0p1.0spbm0.0a1.0rainbow_nb10_aun_0.0_1.0_metric_dice_mdis_0.1_mdis__p10/a1_nonecaffe_estopc5_fc_o2adam_lr-1.0de0.0e500_20240311_081255c1.0di-1ch3dfc0.0file_sum_ok.txt	522.9	0.344	0.468	0.0	0.5	0.0	-1.0	-1.0	-1.0	-1.0	0.234	0.0	0.5	0.0	0.319	0.0	0.0	0.0	194.9	0.34376184046268465	0.04057519024782407	0.4683933824300766	0.005848629157655696	0.4683204817920864	0.0006577119391082802	0.5	0.0	0.0	0.0
results/t2d_umap_p10l100.0i300pix_r0p1.0spbm0.0a1.0rainbow_nb10_aun_0.0_1.0_metric_wminkowski_mdis_0.1_mdis__p10/a1_nonecaffe_estopc5_fc_o2adam_lr-1.0de0.0e500_20240311_082144c1.0di-1ch3dfc0.0file_sum_ok.txt	523.5	0.442	0.477	0.0	0.508	0.0	-1.0	-1.0	-1.0	-1.0	0.336	0.0	0.508	0.0	0.335	0.0	0.039	0.0	181.3	0.44165963530540464	0.0663266303161407	0.47672671973705294	0.020356291303288268	0.4817705387849564	0.012028282321842247	0.5078947368421052	0.016850326940612753	0.03893029121383519	0.07939761519206001
results/WT2D_umap_p100l100.0i300pix_r0p1.0spbm0.0a1.0rainbow_nb10_aun_0.0_1.0_metric_dice_mdis_0.1_mdis__p100/a1_nonecaffe_estopc5_fc_o3adam_lr-1.0de0.0e500_20240311_125918c1.0di-1ch3dfc0.0file_sum_ok.txt	786.2	0.247	0.387	0.0	0.537	0.0	-1.0	-1.0	-1.0	-1.0	0.177	0.0	0.358	0.0	0.218	0.0	0.038	0.0	237.7	0.24746330231428146	0.07085136606840578	0.38666667640209196	0.06621616930516508	0.5438119345881625	0.052215127553627595	0.5371938775510204	0.04194637822741473	0.03843075691322091	0.11529227073966274
results/WT2D_umap_p100l100.0i300pix_r0p1.0spbm0.0a1.0rainbow_nb10_aun_0.0_1.0_metric_wminkowski_mdis_0.1_mdis__p100/a1_nonecaffe_estopc5_fc_o3adam_lr-1.0de0.0e500_20240311_131231c1.0di-1ch3dfc0.0file_sum_ok.txt	973.7	0.647	0.392	0.0	0.549	0.0	-1.0	-1.0	-1.0	-1.0	0.26	0.0	0.381	0.0	0.257	0.0	0.111	0.0	175.4	0.6470581382513046	0.2241978485531733	0.3919047713279724	0.07865219833767616	0.7110782688420041	0.1286735890862313	0.5485663265306122	0.06704025654689744	0.11149952873485262	0.14783576938734327
results/WT2D_umap_p10l100.0i300pix_r0p1.0spbm0.0a1.0rainbow_nb10_aun_0.0_1.0_metric_dice_mdis_0.1_mdis__p10/a1_nonecaffe_estopc5_fc_o3adam_lr-1.0de0.0e500_20240311_092229c1.0di-1ch3dfc0.0file_sum_ok.txt	330.3	0.349	0.343	0.0	0.515	0.0	-1.0	-1.0	-1.0	-1.0	0.135	0.0	0.321	0.0	0.185	0.0	-0.017	0.0	215.0	0.34861421436071394	0.13836376121613317	0.34333334043622016	0.09824883985025805	0.5669998413907412	0.07875683449575188	0.5149688208616781	0.07724391740332054	-0.016811876189212628	0.149113323746513
results/WT2D_umap_p10l100.0i300pix_r0p1.0spbm0.0a1.0rainbow_nb10_aun_0.0_1.0_metric_wminkowski_mdis_0.1_mdis__p10/a1_nonecaffe_estopc5_fc_o3adam_lr-1.0de0.0e500_20240311_092808c1.0di-1ch3dfc0.0file_sum_ok.txt	317.4	0.594	0.425	0.0	0.573	0.0	-1.0	-1.0	-1.0	-1.0	0.245	0.0	0.403	0.0	0.282	0.0	0.107	0.0	165.5	0.59356429874897	0.2435344035625837	0.4252381056547165	0.09805478145497552	0.652985374588521	0.18813573267141703	0.5728543083900227	0.07811396223208404	0.10673708672644525	0.176630129360045
results/Zeller_fecal_colorectal_cancer_umap_p100l100.0i300pix_r0p1.0spbm0.0a1.0rainbow_nb10_aun_0.0_1.0_metric_dice_mdis_0.1_mdis__p100/a1_nonecaffe_estopc5_fc_o4adam_lr-1.0de0.0e500_20240311_132851c1.0di-1ch3dfc0.0file_sum_ok.txt	829.0	0.501	0.364	0.0	0.578	0.0	-1.0	-1.0	-1.0	-1.0	0.181	0.0	0.296	0.0	0.194	0.0	0.113	0.0	447.8	0.5014256238937378	0.12202150359268792	0.3642857261002064	0.14096486120711008	0.6722303861302734	0.12552198361937605	0.5784320532946906	0.09187774741080303	0.1133891619747954	0.17887590306437368
results/Zeller_fecal_colorectal_cancer_umap_p100l100.0i300pix_r0p1.0spbm0.0a1.0rainbow_nb10_aun_0.0_1.0_metric_wminkowski_mdis_0.1_mdis__p100/a1_nonecaffe_estopc5_fc_o4adam_lr-1.0de0.0e500_20240311_134248c1.0di-1ch3dfc0.0file_sum_ok.txt	1092.1	0.919	0.435	0.0	0.658	0.0	-1.0	-1.0	-1.0	-1.0	0.363	0.0	0.367	0.0	0.326	0.0	0.235	0.0	299.9	0.9194146037101746	0.11169557562282811	0.43461539298295976	0.16968061598769063	0.9560863013588173	0.0799617410735051	0.6578548283218613	0.10252137281665318	0.23457431393475411	0.22406209243721084
results/Zeller_fecal_colorectal_cancer_umap_p10l100.0i300pix_r0p1.0spbm0.0a1.0rainbow_nb10_aun_0.0_1.0_metric_dice_mdis_0.1_mdis__p10/a1_nonecaffe_estopc5_fc_o4adam_lr-1.0de0.0e500_20240311_093333c1.0di-1ch3dfc0.0file_sum_ok.txt	396.5	0.524	0.358	0.0	0.575	0.0	-1.0	-1.0	-1.0	-1.0	0.196	0.0	0.321	0.0	0.215	0.0	0.123	0.0	365.4	0.5239738315343857	0.1262450810265299	0.357692314684391	0.061941867859610526	0.6750828772005051	0.11832844977531441	0.5745396087429053	0.042648035897235814	0.12296167949982592	0.11596213000166473
results/Zeller_fecal_colorectal_cancer_umap_p10l100.0i300pix_r0p1.0spbm0.0a1.0rainbow_nb10_aun_0.0_1.0_metric_wminkowski_mdis_0.1_mdis__p10/a1_nonecaffe_estopc5_fc_o4adam_lr-1.0de0.0e500_20240311_094017c1.0di-1ch3dfc0.0file_sum_ok.txt	386.9	0.916	0.44	0.0	0.641	0.0	-1.0	-1.0	-1.0	-1.0	0.266	0.0	0.341	0.0	0.272	0.0	0.219	0.0	237.5	0.9163705229759216	0.11415368419570689	0.4395604535937309	0.1190419897714273	0.9159555860223827	0.1144561147361671	0.6413255242925573	0.10212048426191345	0.21855317591711657	0.14962414376245442
